600
717 311 360 453 694 958 599 380 626 744
703 421 454 260 319 575 695 326 442 873 
996 789 432 343 626 932 704 854 379 673
169 563 407 714 363 559 460 715 785 123
809 397 539 189 406 754 955 444 438 476
390 636 889 167 882 375 593 819 808 459
791 584 566 446 250 750 132 661 642 644
180 443 364 640 687 189 597 503 997 119 
246 917 866 335 220 524 806 416 839 222
183 361 726 720 856 215 771 687 788 936 
537 202 695 136 964 324 772 417 367 553 
810 748 865 637 410 260 272 296 958 249
869 268 826 444 806 504 947 538 614 857
952 675 876 101 174 258 461 366 218 727 
219 459 970 123 540 298 873 202 261 220 
379 940 255 223 392 490 644 332 249 251
655 119 326 425 237 231 520 642 639 461
494 127 366 158 797 436 974 845 705 409 
625 643 231 315 966 957 271 755 905 688 
882 302 694 214 138 427 392 101 133 445 
717 311 360 453 695 958 599 380 626 744 
703 421 454 260 319 575 695 326 442 873 
996 789 432 343 626 932 704 854 379 673 
169 563 539 407 714 363 559 460 715 785 
123 809 397 189 406 754 955 444 438 476 
390 636 889 167 882 375 593 819 808 459 
791 584 566 446 250 750 486 132 661 642 
644 180 443 364 640 687 189 597 503 997 
119 246 917 866 735 220 524 806 416 839 
222 183 361 726 720 856 215 771 687 788 
936 537 202 695 136 964 324 772 417 367
553 810 748 865 637 410 260 272 296 958 
249 869 268 826 444 806 504 947 538 614 
857 952 675 876 101 174 258 461 366 218 
727 219 459 970 123 540 298 873 202 261 
220 379 940 255 223 392 490 644 332 249 
251 655 119 326 425 237 231 520 642 639 
461 494 127 366 158 797 436 974 845 705 
409 625 643 231 315 966 957 271 755 905 
688 882 302 694 214 138 427 392 101 133 
445 904 234 986 751 398 299 555 225 356 
481 386 785 595 207 305 672 406 862 536
121 873 769 558 262 327 888 228 190 484 
489 563 743 335 248 204 943 472 269 839 
911 174 583 879 978 556 781 815 672 815 
753 543 944 475 467 549 909 527 257 439 
650 816 307 938 225 357 349 477 576 640 
424 178 212 841 551 684 391 768 210 886 
952 649 632 889 503 125 220 926 716 927 
148 407 185 353 751 920 327 460 509 377 
694 629 258 734 657 595 612 110 962 207 
467 363 163 188 527 354 346 977 503 733 
274 108 260 449 213 108 967 163 204 527 
315 966 271 905 882 694 214 427 101 445 
234 986 398 555 356 386 595 305 406 536 
873 769 262 888 228 484 489 563 335 248
943 269 399 174 879 556 815 815 543 475
549 527 439 650 307 225 349 576 424 212
551 391 210 952 632 503 125 926 512 656
615 993 716 148 185 751 327 509 694 253
