200
717 360 694 958 380 744 421 454 319 575 
326 873 789 343 932 854 673 563 714 559 
715 123 397 189 754 444 476 636 167 375 
819 459 584 446 750 132 642 644 443 364 
687 597 997 246 866 220 480 641 839 222 
361 720 856 771 788 537 695 964 772 367 
810 865 410 272 958 249 869 826 444 504 
538 614 857 675 101 258 366 727 459 123 
540 298 202 220 940 223 490 332 251 119 
425 231 642 639 461 127 158 436 845 409 
643 315 966 271 905 882 694 214 427 101 
445 234 986 398 555 356 386 595 305 406 
536 873 769 262 888 228 484 489 563 335 
248 943 269 839 174 879 556 815 815 543 
475 549 527 439 650 307 225 349 576 424 
212 551 391 210 952 632 503 125 926 512 
656 615 993 716 148 185 751 327 509 694 
258 657 612 962 467 163 527 346 503 274 
260 213 967 204 788 667 535 123 244 166 
405 412 381 335 975 889 273 660 435 715 
101
997
104483.0
522.415
